image: robocup_2013_flat_gmapping.pgm
resolution: 0.040000
origin: [-28.040000, -15.240000, 0.000000]
negate: 0
occupied_thresh: 0.65
free_thresh: 0.196

